 steps turns
 0.0631770155 NA	
 0.0535159774 4.064618172	
 NA NA	
 NA NA	
 0.0480745006 NA	
 NA NA	
 NA NA	
 NA NA	
 NA NA	
 0.1414053848 NA	
 NA NA	
 NA NA	
 0.2376240166 NA	
 0.8842192966 1.119949155	
 0.5518487350 4.194975207	
 0.0152991759 0.821398935	
 0.1547111079 5.446764310	
 0.0285812997 5.259206087	
 0.4318220183 0.812958983	
 0.2753939219 5.538329799	
 0.5780298266 0.884158345	
 0.2437728690 5.576216384	
 0.5896075202 0.229495259	
 0.0097870846 3.091244633	
 0.6148805457 3.235657847	
 0.0504721186 3.193505631	
 0.7737200772 2.689157449	
 1.5394349762 5.858753337	
 0.0961456221 6.096542895	
 1.2217183847 0.701647335	
 1.1326046774 6.167930797	
 0.0300820125 0.948544898	
 0.0134054347 1.446066132	
 0.0083921711 5.641142360	
 0.2644637333 5.164441055	
 0.5598601536 0.872441801	
 0.1882889896 0.045749894	
 1.5440228381 5.201537959	
 0.3830984615 6.174854057	
 0.3698837996 0.264983353	
 0.0745225900 0.281306620	
 0.0458755289 2.780741367	
 0.8711234908 3.878915517	
 2.1025875882 2.249515679	
 0.0647392267 6.120384279	
 NA NA	
 NA NA	
 0.0156425524 NA	
 1.4088484338 4.069117412	
 0.1108646411 1.794604750	
 0.4300545516 5.832328392	
 1.0754413923 5.536480539	
 0.0153564195 4.940757679	
 1.0020502583 0.292272758	
 0.1561166841 0.141346465	
 0.0713118813 0.838523051	
 NA NA	
 NA NA	
 NA NA	
 NA NA	
 0.2727612657 NA	
 NA NA	
 NA NA	
 0.0260246279 NA	
 0.0317620094 2.583423676	
 0.0149223666 1.997824094	
 0.4370693375 5.530606396	
 NA NA	
 NA NA	
 0.0480242619 NA	
 0.2110593222 0.330590221	
 0.0063425523 3.798436467	
 1.0187907751 4.364453914	
 1.9128266473 2.919155586	
 0.2840548222 5.862687195	
 NA NA	
 NA NA	
 NA NA	
 NA NA	
 NA NA	
 NA NA	
 0.0430465944 NA	
 0.2450481191 6.222964455	
 0.2430533342 5.916970026	
 0.3399830607 0.120541588	
 0.8577953253 5.254795221	
 0.5304310434 0.092596827	
 0.1532289887 5.568971804	
 0.1833705053 0.249738996	
 0.0874956287 4.679112357	
 0.2626013607 0.325740546	
 0.9094514972 0.197418262	
 0.5996877936 5.277764280	
 1.0897892018 5.641026792	
 0.0679218038 5.810384961	
 0.0768929360 6.085696022	
 0.0577690655 4.284905476	
 NA NA	
 NA NA	
 0.3935827289 NA	
 0.0017811537 0.224281549	
 0.3017668711 4.536165868	
 0.3559058921 0.232413809	
 0.4342299950 6.142945790	
 0.1541153040 5.365100872	
 0.0292003186 2.793890213	
 0.7257160468 4.697153124	
 0.3260134937 6.190071200	
 0.7032901219 0.698290080	
 0.2217911105 1.885101190	
 0.4663514192 0.927824150	
 0.0245936363 2.154889264	
 0.1049478615 4.613435821	
 0.0041489803 1.229794676	
 0.2270994934 2.364864185	
 NA NA	
 NA NA	
 0.1568638243 NA	
 0.0902825669 3.736880027	
 0.1709807973 0.850874828	
 1.0723963050 5.849631897	
 0.0008930845 3.262599667	
 0.8523145483 2.138553728	
 1.5061869567 6.004229634	
 0.0145218928 4.300627798	
 0.1308271753 2.481148751	
 0.0414205429 0.437438703	
 0.4600316742 6.278938759	
 0.0539672539 4.611048719	
 0.0283010074 0.221358823	
 0.8883743115 0.874511880	
 2.5490340470 0.086880371	
 0.0182015380 6.080400491	
 0.2748994339 1.521722774	
 0.0084629668 3.168940272	
 1.2626732775 2.830466362	
 1.6800206200 6.133898271	
 0.0023858017 2.082514792	
 1.0378733096 4.860908222	
 0.8618931404 0.710614435	
 0.0244926927 1.324938980	
 0.1158216195 5.959489457	
 0.0384000813 2.974556408	
 0.1249652769 0.374556733	
 0.0564223978 2.870734079	
 0.0943359969 2.939164253	
 0.0922391145 2.973483865	
 1.3196138170 5.339047952	
 0.3602130044 1.413400276	
 0.8077567830 5.712522838	
 0.1848889511 2.113853576	
 0.2980406939 1.075361462	
 5.6529735743 1.482774809	
 0.1968839631 5.724920168	
 0.3946249821 3.884155447	
 2.8557425020 0.441367982	
 0.1623968822 0.705188788	
 0.4088430041 1.204109374	
 0.5359332400 1.497695219	
 1.2318752873 5.532330000	
 0.3053955843 6.210377718	
 0.2997138602 4.847935539	
 0.2527008866 4.974338784	
 NA NA	
 NA NA	
 1.6287616825 NA	
 0.6476549376 5.975484663	
 0.0896378086 0.227793971	
 0.1716169634 5.499777128	
 0.0043898269 1.632673744	
 0.1981484416 1.178986872	
 0.6360998705 5.523070998	
 0.4119578201 5.745269181	
 1.6126429291 6.172517885	
 0.1740213552 5.918269900	
 0.4503603969 0.191069280	
 0.7433523057 0.131875161	
 0.0044825068 3.310666135	
 0.1270097068 3.892720856	
 0.2909170829 4.100088113	
 0.6727377517 5.994005635	
 0.1362821463 6.112856374	
 0.0399306969 4.700352318	
 0.1773226947 2.552271112	
 0.2020651491 5.940516122	
 0.0110033898 0.561405728	
 0.2652202180 2.492055680	
 0.2744715909 0.458046551	
 0.0902299985 0.233897168	
 0.2902202154 5.150258838	
 0.5396200850 0.450046366	
 0.1713130929 5.251102654	
 0.1108694549 5.952639498	
 0.0017829163 1.004910601	
 0.0876423315 5.520312696	
 0.2594668563 5.936245313	
 0.8213333314 1.860287833	
 0.9297810540 2.743427987	
 0.0346731185 0.258448176	
 0.0053186910 3.019810300	
 0.0206953178 0.172992441	
 0.0171475868 6.274659735	
 0.8752140386 1.288307995	
 0.0855469067 4.572844672	
 0.0633983917 0.015469488	
 0.3991917079 5.247138569	
 0.4074630303 4.980439301	
 0.0039918276 2.364268427	
 1.4142886338 6.119203687	
 2.4451271955 0.606828043	
 0.2301559369 1.103398819	
 3.2900097636 0.945308545	
 0.0051197549 4.282184507	
 0.6931713715 1.467042512	
 4.1639491467 3.392556074	
 0.2739396961 1.525626260	
 0.2092939048 0.192675775	
 0.1078468418 2.225068749	
 1.5526381664 6.132439296	
 1.9561348565 5.654845871	
 0.0054356723 6.134339852	
 1.5823409002 5.357249196	
 0.1362816521 0.429454055	
 0.0261183737 6.140240010	
 0.2857082729 5.136551013	
 0.0949014157 0.591318029	
 2.4068934550 6.014419385	
 0.6342765308 0.602831676	
 0.0315202966 0.417877427	
 1.2265659125 4.273261275	
 0.6005595254 5.631028055	
 0.2507003927 2.560168323	
 0.3334961657 3.424890452	
 0.1202172112 0.112193218	
 0.8271412731 3.349187988	
 1.2005156800 6.142738338	
 0.1057713094 1.542228772	
 0.6066699810 1.842233702	
 1.3551485897 5.954529393	
 0.3191482657 2.921891261	
 0.0411862476 2.073867117	
 0.0838437049 2.322919924	
 1.5462540418 2.301572792	
 NA NA	
 NA NA	
 0.8391235292 NA	
 0.2414138675 0.123766558	
 2.1911612041 0.609250537	
 0.5961629474 5.497292908	
 0.1294816612 4.332210148	
 1.7250058454 5.159543369	
 0.3456534833 1.320990856	
 0.1017810208 2.414165662	
 1.5180844305 5.874048882	
 0.1408882131 5.650758606	
 NA NA	
 NA NA	
 NA NA	
 NA NA	
 NA NA	
 NA NA	
 NA NA	
 NA NA	
 NA NA	
 NA NA	
 NA NA	
 0.7533976828 NA	
 1.4294926287 6.194349963	
 0.4484630497 0.219076002	
 1.7036632141 0.092578194	
 0.4280108891 5.332485905	
 0.0318749975 4.870198692	
 0.0229842537 1.080195589	
 0.0675637598 2.470763178	
 0.0977770565 4.433515870	
 0.8684084550 5.330378369	
 0.1977271630 1.354063671	
 0.3616840970 6.015701275	
 0.2595227896 2.484436707	
 0.1371597451 1.807458570	
 0.0502792910 4.947839251	
 0.0905467144 3.201815145	
 1.0991494445 0.993106174	
 2.0854054948 0.507919796	
 1.1410527866 5.752910366	
 0.6163513282 3.315665418	
 0.0310948446 5.278843472	
 0.1111468585 2.726394805	
 0.1435842523 1.503365099	
 0.0743436775 2.089763096	
 1.4373360700 6.239765489	
 0.3727079521 0.219945792	
 0.1903972722 0.033875420	
 0.1324737876 4.507514561	
 0.0176673021 4.490974422	
 2.1231606373 3.445620382	
 0.7867569301 0.108938969	
 0.0351311436 4.787576552	
 0.3735868467 4.967382962	
 0.8107976518 0.183676212	
 0.1279681465 3.622600593	
 0.2993139150 2.115751612	
 0.5181547329 0.601097894	
 0.2776193070 5.791022695	
 0.0175817430 0.330376035	
 1.0533374986 4.933583878	
 0.0430821220 1.052334842	
 0.1641952717 2.558472111	
 0.0043029372 3.719532316	
 0.1732614200 5.680900711	
 0.0756428299 0.081969341	
 0.5456728702 6.144360290	
 0.0325627949 0.605515980	
 0.0025054990 5.016965373	
 0.1072197203 4.020483365	
 0.8391310896 0.184411591	
 0.0675024451 3.505798494	
 0.2325910175 0.202809913	
 0.0163379241 1.555533712	
 0.1197788593 4.684299473	
 NA NA	
 NA NA	
 0.1541522397 NA	
 0.6000475997 0.154358718	
 0.0834317595 5.785537633	
 0.2068147897 2.709615470	
 0.0153352407 5.242117922	
 0.0203193435 4.119675119	
 0.6003325511 0.743866544	
 0.0046571942 3.882864154	
 0.0507846255 5.008388532	
 0.0401933150 4.201837694	
 0.0656790342 6.063831297	
 0.3487349091 6.095973576	
 0.0329999992 5.604267889	
 0.6947179223 4.726662376	
 0.0184646437 0.136407332	
 0.0237422917 3.645830826	
 0.0011071195 0.773915448	
 0.6380543491 3.112855808	
 0.5572593366 0.458655658	
 0.0688716194 4.535210749	
 0.0988185443 0.176673386	
 0.0430990792 5.228784920	
 0.2154009065 5.251764371	
 1.8344988810 0.441616371	
 0.0121215348 1.879150533	
 1.4603570822 4.020593493	
 0.1119271865 6.036824383	
 0.4563003654 0.568275350	
 0.0140063151 3.601565754	
 0.0436804341 1.373881723	
 0.0531085269 4.864689004	
 0.0247303448 1.794332515	
 0.0294336647 3.614063277	
 0.0158642415 1.468640667	
 0.0315230374 2.882791792	
 0.0315300014 3.559587488	
 0.0172390574 4.905922445	
 0.2124876753 2.895160797	
 0.0413648115 5.189556553	
 0.0084091749 2.684591304	
 0.0753272972 4.953537282	
 0.3257305282 5.539080784	
 0.0542533679 4.852587780	
 NA NA	
 NA NA	
 0.4665712382 NA	
 1.1804127271 1.082435877	
 0.0041134530 0.804249188	
 0.0243702032 2.560174503	
 1.9655958509 2.464304913	
 0.6964105059 4.491812616	
 0.9995992581 0.441464765	
 0.0116504625 3.953843128	
 0.2388908733 1.365981026	
 0.0124350880 1.226436638	
 0.0088870691 1.985711793	
 0.2664861584 2.737555091	
 0.0678600692 5.365665768	
 0.1146591263 0.153198506	
 0.4750734680 3.069235752	
 0.0496876684 3.019461215	
 0.0410827356 3.385952815	
 0.0401869693 3.272204488	
 0.0082352252 3.896698183	
 0.0572261579 5.463709004	
 0.6222318794 4.454708156	
 0.0520016199 2.625856329	
 NA NA	
 NA NA	
 NA NA	
 0.3638391062 NA	
 0.2657403036 0.976658471	
 0.0239883349 4.638874210	
 1.0785696789 0.205954937	
 0.0491447205 2.199545246	
 NA NA	
 NA NA	
 0.0546859492 NA	
 0.3879329985 5.321805929	
 0.0410621613 3.040727687	
 0.1712475648 1.673419191	
 0.3446995285 0.432920125	
 0.2966027191 3.456202493	
 0.0658919340 1.568608170	
 0.1993871478 4.902260587	
 0.0859230779 0.481445402	
 0.1394099884 5.409930646	
 0.0295555616 3.689598021	
 0.1523885014 3.719092240	
 0.1414327575 0.855067800	
 0.8901313256 2.059402289	
 0.0837205936 4.545854166	
 0.0327612331 4.587804734	
 0.0058251086 0.507820974	
 1.1725629034 6.069155642	
 0.0954782296 3.790745297	
 0.0538905141 3.193792754	
 0.7061628221 5.665725932	
 0.0956694333 2.472419157	
 0.7471564413 2.823552277	
 0.0018388462 1.138023625	
 0.2472783921 5.659661520	
 0.0106510667 4.199115471	
 0.6491332296 1.751025167	
 1.4342423683 1.367911242	
 1.1307752379 4.660308371	
 NA NA	
 NA NA	
 1.4467568435 NA	
 0.6841051899 4.889723812	
 0.0588598329 5.117530429	
 0.0060794605 2.708901124	
 0.3197533265 4.495839782	
 0.4774543383 6.189709698	
 0.5987591615 5.405933809	
 0.1529171478 5.789318846	
 0.0164429350 2.997004639	
 0.0138334250 5.049588248	
 0.1960828647 1.213073384	
 0.0181586308 2.446796757	
 0.2765622252 4.165978763	
 0.3586589175 6.162197919	
 0.0106745697 3.859246041	
 0.1302295295 4.833735095	
 0.0708389004 2.608175891	
 0.1184060673 0.181559619	
 0.4759146462 1.992425347	
 0.0972213478 1.060477788	
 0.1320139312 4.668366522	
 0.1155723819 4.928260909	
 0.5158652647 3.927996878	
 0.2854467332 1.942505417	
 0.0849458919 2.625853309	
 0.0966629747 0.701103915	
 0.1129122813 0.181641683	
 0.0898306277 3.886871909	
 0.0399771398 5.420995118	
 0.2375150081 4.655155849	
 0.0844016165 0.940242129	
 0.4327081289 5.507445855	
 0.0097023706 2.504921788	
 0.0624517644 2.525417782	
 0.5028513876 3.561472367	
 0.0118142752 2.528092338	
 0.1374757894 5.292245004	
 0.4039859729 0.284182188	
 0.0784124503 5.041730560	
 0.3968746278 0.317747303	
 0.0027851328 5.282644335	
 0.0615437300 0.310708873	
 0.0346283366 2.346889267	
 0.0037429230 3.976370074	
 0.0889892569 4.302968077	
 0.2767415463 5.140556441	
 0.5234290545 1.539348380	
 0.0683149009 5.645718386	
 0.0227082057 3.354245028	
 0.0830255922 5.853788517	
 0.2831033969 1.463644543	
 0.0495373283 1.106306875	
 0.2135477248 2.138737036	
 0.2027863790 2.072785424	
 0.2795415784 5.271710215	
 0.1059990812 5.935586504	
 0.1353471463 1.916810701	
 0.1384880137 1.575184215	
 0.0893345760 5.737285415	
 0.0349858215 4.087776261	
 0.0365768755 2.547778347	
 0.4630984071 1.549819864	
 0.1594648790 5.355127617	
 0.5953106103 3.315103021	
 0.0738991385 0.841012994	
 0.0034266956 1.609251049	
 0.0523836726 2.199831642	
 0.0356360652 3.621991210	
 0.0456530977 5.959831408	
 0.5944770017 1.015685741	
 0.3835406472 1.638611999	
 0.1170710870 4.656900989	
 0.0466672057 1.300768281	
 0.1066610833 3.116144931	
 0.6162137383 5.817655289	
 0.4542523489 2.740257067	
 0.1042863674 4.159502243	
 0.5282603923 4.897650065	
 0.0501867302 5.612878772	
 0.1550255337 1.049849405	
 0.0048475103 0.289953216	
 0.0607232698 3.055602868	
 0.7756457231 5.992495305	
 0.0087105081 4.636382573	
 0.1005181224 5.047687240	
 2.7550795738 1.905477503	
 0.0136475565 2.075813033	
 0.5160953847 6.178783548	
 0.0439309111 4.717033345	
 0.0047078683 1.818257017	
 0.1604691300 1.212525163	
 0.0025539432 2.232053379	
 0.1501044405 0.881971021	
 1.1647018856 1.636222516	
 0.0800447211 1.436832826	
 1.2663517783 5.698808945	
 0.0764895292 2.369758680	
 0.7057831651 4.091830590	
 0.5667241228 5.090128425	
 0.0084484288 3.978182578	
 0.0522538634 3.284380457	
 1.6638484403 0.422530196	
 0.9698878286 5.972462597	
 0.4008617436 5.800414124	
 0.1172616790 0.521337675	
 0.4106061276 0.209121692	
 0.2580309119 0.747133776	
 0.0046837248 3.096336859	
 0.1010811402 3.642147101	
 0.1148509803 3.042333592	
 0.2128457818 3.141218729	
 0.7142457844 4.243407515	
 0.0067872835 1.835381190	
 0.1231615331 0.888816907	
 0.1097863933 2.703616446	
 0.0078073689 4.960445749	
 0.3690338847 5.285238478	
 0.9960965297 5.614757012	
 0.1649684616 1.138246367	
 0.5871766189 5.202542797	
 0.0210759610 2.834129119	
 2.7975777183 1.297409985	
 1.1986149894 6.181954940	
 0.0199458062 4.079249114	
 0.2983805818 5.338793852	
 0.6846111122 3.164695256	
 0.0166802917 5.207752563	
 0.1465717440 1.800662524	
 0.1548556418 2.016828228	
 0.0668206928 2.048169620	
 0.1299217095 3.648245077	
 0.0060938185 3.934881081	
 0.0068715747 5.525133005	
 0.6300407855 4.469334864	
 0.0948750262 0.125194891	
 1.8734886586 0.379363897	
 0.1963041277 5.379026959	
 0.8598864322 0.160795596	
 0.1201738422 1.140061745	
 0.2494535161 4.886442964	
 0.2084840228 5.990919019	
 0.8731414096 1.104513051	
 0.0362776825 4.217898965	
 1.2984921089 1.805797634	
 0.6858860132 0.220515861	
 0.1902604778 0.477400271	
 0.2970621822 1.788341630	
 0.0070169680 3.742357620	
 0.0185371826 0.631953804	
 0.9053630352 1.936689578	
 0.5838179493 0.456945771	
 0.0134304534 0.124247576	
 0.0227122865 2.325373005	
 0.0310885071 1.117519360	
 0.0771718189 0.290523906	
 0.0366119142 3.045613400	
 0.0348821713 0.831459342	
 0.1705271508 0.585171876	
 0.0081252215 4.643332810	
 0.3386088475 5.532429310	
 0.0030538460 2.187677101	
 0.0637696623 4.137350730	
 0.0664279517 3.003156672	
 0.0752198720 5.946205146	
 0.0094420864 1.994215834	
 0.7270910335 1.947484270	
 0.0230934972 1.143456988	
 0.3571135799 5.294188959	
 0.1543613944 5.629321657	
 0.0233941803 3.824880056	
 0.0140785647 3.080811317	
 0.0486243248 5.519511267	
 0.0012523754 5.252564985	
 0.0976224884 0.059661600	
 0.0908810371 1.364548250	
 1.5719729100 2.406918242	
 0.1813801561 0.899080262	
 0.0843465079 2.599059191	
 0.5235398521 0.745816343	
 0.0148027918 0.414064496	
 0.0067966113 3.518845559	
 0.4031206669 3.539704691	
 0.0306078545 5.879670639	
 0.1410262937 5.001377825	
 0.0056426640 4.137119932	
 0.0968913696 1.098739866	
 0.1206385045 3.814032486	
 0.1032317112 0.965091290	
 0.0047291132 2.533459815	
 0.6740088055 1.281654212	
 0.0791854382 0.683424660	
 0.4649533092 6.280909111	
 0.0022722088 6.075842700	
 0.3258301951 4.827350087	
 3.2531887499 6.228301468	
 0.0461196716 1.984780607	
 0.0692683934 1.080021368	
 0.1173321705 0.968189819	
 0.2282200356 5.201753747	
 5.0294999053 0.402943303	
 6.3340403187 5.818588114	
 5.3467971057 0.786583966	
 1.7684108037 0.086414090	
 0.0342820043 0.460380427	
 0.0032933366 0.964941047	
 0.1561553752 1.986767198	
 0.1226163955 0.088560587	
 1.5927620026 2.886714700	
 0.0667636042 2.982731741	
 0.0476629384 5.675252648	
 1.6418475956 3.624630967	
 0.0321008472 0.867628042	
 0.0317343943 1.103074815	
 1.2155761500 4.467899706	
 0.2944129814 4.306789169	
 0.1674093649 4.869318789	
 0.1734775709 2.917809452	
 0.0040055814 0.719403500	
 0.6086477318 1.896688770	
 0.2105875928 5.453713851	
 0.0057322740 5.464507772	
 0.0684748345 4.216955046	
 0.1121213798 2.691553092	
 0.2057193565 5.534005202	
 0.1177238507 3.524832456	
 0.0283298640 2.187223079	
 0.3744902620 5.534602996	
 0.0246075268 4.893052202	
 0.0058322957 3.302294575	
 0.0845153014 3.887646796	
 0.0896823387 6.027580451	
 0.5908932327 3.488609064	
 0.0794124184 1.353424787	
 0.0156924535 3.023609018	
 0.2702413965 3.906539320	
 0.0261409499 4.920940260	
 0.0045563985 4.252228633	
 0.3772819683 0.329901919	
 1.2729700348 5.953399748	
 NA NA	
 NA NA	
 0.0760908327 NA	
 0.1470693383 4.976774801	
 0.0447790714 4.220840088	
 0.0210281657 4.684568227	
 1.1424829498 2.948691659	
 2.1671770987 4.760838528	
 0.8643288985 0.619851242	
 0.0541219518 0.917029259	
 0.0322293219 0.791994758	
 0.3881797284 4.020058284	
 0.4267579151 1.038328406	
 0.0140660140 4.207708431	
 1.3963403257 1.430497308	
 0.2155470310 0.799585194	
 0.6324978206 5.324241779	
 0.0070608983 1.266420374	
 0.0580187363 2.072389292	
 NA NA	
 NA NA	
 0.0061597659 NA	
 1.6162864547 2.803278590	
 0.4701767516 5.660626868	
 NA NA	
 NA NA	
 NA NA	
 NA NA	
 NA NA	
 0.0551828840 NA	
 NA NA	
 NA NA	
 NA NA	
 NA NA	
 0.0837731887 NA	
 NA NA	
 NA NA	
 NA NA	
 0.9461024199 NA	
 NA NA	
 NA NA	
 NA NA	
 0.4252835529 NA	
 0.0913834266 4.823210913	
 0.0030301652 2.946166081	
 0.2377262243 5.663519032	
 0.3841312591 5.142260995	
 NA NA	
 NA NA	
 0.1952247896 NA	
 0.0084022671 2.234255677	
 0.2203349258 3.556939243	
 0.0189138175 1.383791601	
 0.0632840559 0.006337841	
 0.3567532573 6.045578459	
 0.8073167001 5.474251078	
 NA NA	
 NA NA	
 0.0719691419 NA	
 0.0252930812 3.056276284	
 0.4034731682 4.142604579	
 0.0055002641 0.811730883	
 0.2932553778 3.991429595	
 1.8156588145 0.850287572	
 0.0410662257 5.894183951	
 0.0372205056 5.661094264	
 0.1444338976 5.421222406	
 0.1343674149 2.796448394	
 NA NA	
 NA NA	
 0.3737794653 NA	
 0.9519856649 6.144516549	
 0.2742914972 5.440446003	
 0.0111222447 5.675835922	
 0.0117946873 3.916914769	
 0.3793419901 6.125902082	
 0.1120884494 3.936088950	
 0.0050800590 2.679165658	
 0.5153567595 4.003314178	
 0.2019556971 0.465011388	
 NA NA	
 NA NA	
 0.0233089136 NA	
 1.1482990828 0.480191934	
 0.0683596622 1.036645944	
 0.0176677828 5.786048572	
 0.8464197376 5.640768400	
 0.4848957822 5.879059002	
 0.3642023798 2.541360229	
 0.1025421063 4.785020189	
 0.0082114360 0.877356206	
 0.3714502979 0.063575919	
 0.0915955175 0.529888533	
 0.0114192193 4.401947822	
 0.6038867408 0.980489383	
 0.1175423876 4.951592836	
 0.5088163180 1.656061853	
 0.2071076729 0.497533784	
 0.0075608343 5.428989618	
 0.0374794129 4.187628317	
 0.0170122153 3.901524900	
 0.0152428830 2.981563167	
 2.5976461995 0.412301275	
 1.4557194965 0.170880167	
 0.0162330974 1.892166564	
 0.0011630227 0.906884518	
 0.0386157938 0.519676891	
 0.0103587400 1.800929084	
 0.0104138691 4.260287475	
 0.0286986903 2.541630308	
 0.8995436601 6.243197313	
 0.0185546694 1.904532241	
 0.1826599400 5.309742182	
 0.1591502793 6.008534919	
 0.0375828405 3.509944153	
 NA NA	
 NA NA	
 NA NA	
 0.2226046831 NA	
 0.2196255037 1.325221138	
 0.3501988484 2.759042371	
 0.0076581064 5.371396876	
 0.0187622571 5.669804476	
 0.3837460032 2.414562384	
 0.1714642320 3.387007147	
 0.0320489018 3.784266559	
 0.2886514090 5.506196322	
 0.0487086700 5.603061528	
 0.1394315281 3.622671394	
 0.3336992685 6.133875628	
 0.0171580485 4.515094882	
 0.0568104533 1.802923119	
 0.2016256842 1.345714367	
 0.0179456363 2.511959769	
 2.1391608609 3.677780211	
 1.5921818695 0.336728370	
 0.6541347187 4.142301308	
 0.2394168125 2.482663918	
 0.0587008360 0.659478651	
 0.2502219054 3.439513564	
 1.9383307759 6.096525493	
 0.0095012254 0.398900502	
 0.0669689893 5.948894617	
 0.5617372159 0.966163553	
 0.7927940696 5.229059470	
 0.0786577397 5.681200042	
 0.3233268959 0.423795580	
 0.0338239493 4.611847119	
 0.0991843421 3.027433525	
 0.1871639980 2.148805786	
 0.0365799098 3.843647713	
 0.0449245810 3.277787127	
 0.0784937902 3.144914746	
 0.0993814891 5.218572217	
 0.0082555056 3.993438379	
 0.1652231540 3.075339907	
 0.0108012837 1.648597221	
 0.0217699977 0.233328280	
 0.2587321231 3.685675664	
 0.0659315322 5.595117366	
 0.1776219303 3.111606228	
 0.0343579643 3.028813859	
 0.0991586987 3.530477673	
 0.2096673100 2.585573399	
 0.1566696410 2.673462097	
 0.0050070275 4.549455875	
 0.1298144150 4.650232756	
 0.2813548215 4.439139512	
 0.0433643801 3.045722802	
 0.1225424967 0.378143058	
 0.0194982270 2.166506222	
 1.5495875717 3.908471618	
 0.1334117827 6.147811978	
 0.1131133667 0.814274540	
 0.6258118472 4.949343765	
 0.4422735358 3.277006543	
 0.0364808611 2.474546692	
 0.3925201739 5.118615536	
 0.1079001199 4.310075101	
 0.1300185779 6.129364674	
 0.4277150269 4.482601377	
 0.0055432076 1.072312030	
 1.1404495166 5.078916514	
 1.5471431037 3.079775489	
 0.0110250277 5.344121486	
 0.0623374367 3.722234252	
 0.0798198097 3.678224385	
 NA NA	
 NA NA	
 0.0031268818 NA	
 0.3060297060 3.564236721	
 0.6412595620 1.933100824	
 0.0409867733 3.968094889	
 0.0070349711 3.381899343	
 0.0879061985 6.036085807	
 0.4330426909 2.419484802	
 0.3432054563 6.191428370	
 0.0048390288 1.537198240	
 0.8838285874 5.015100063	
 NA NA	
 NA NA	
 0.0143315956 NA	
 0.0036052185 5.947354414	
 0.0669000786 2.465022832	
 0.0733557127 5.253808162	
 0.0739716378 4.399449021	
 0.4633310527 1.481542359	
 1.7920293100 5.873969282	
 0.2794244541 0.122088826	
 0.9825629584 0.603717719	
 0.0066838617 4.224848053	
 0.7337918828 0.095966147	
 NA NA	
 NA NA	
 0.2945127544 NA	
 0.4126960280 3.752878949	
 0.3376210100 6.150956641	
 0.0303144147 5.195339744	
 0.1927012259 1.765199051	
 0.1582848166 6.160832784	
 0.5319642570 1.225927124	
 0.0210441971 4.658829052	
 1.0465280120 2.288910588	
 0.5569403208 5.924707799	
 0.1932083672 6.267099274	
 0.0074843217 2.121047621	
 NA NA	
 NA NA	
 0.2954307555 NA	
 0.1299584106 2.724182177	
 0.6580777330 4.388359285	
 NA NA	
 NA NA	
 0.0162749157 NA	
 0.0150929006 2.937721362	
 0.1211392858 3.441557760	
 0.2782225194 5.123902031	
 0.0032694787 2.785438288	
 0.1855724789 0.582394575	
 0.1207897980 5.698369926	
 0.2788807804 3.654476386	
 0.0406778225 3.744564804	
 0.0047121223 1.057675372	
 0.0795203283 4.374214291	
 0.0034946301 3.835238933	
 0.0232074225 1.159631205	
 NA NA	
 NA NA	
 NA NA	
 0.1198380766 NA	
 0.1146213864 4.741979759	
 0.0424291810 1.833221353	
 0.2463653398 2.382370525	
 0.0266781104 2.828495356	
 0.1259492853 4.048301670	
 0.3468685431 4.131485760	
 0.3848858583 2.890079597	
 0.0985727857 1.691196022	
 0.0106322099 3.504705309	
 0.0279904695 0.539951913	
 0.1134965334 1.200423843	
 0.0039294426 1.741507777	
 0.2728745704 3.171516698	
 0.0847854902 5.516695518	
 0.0442530682 0.673529222	
 0.1042328423 2.347379538	
 0.0090453272 1.731790307	
 0.4014756421 5.509620000	
 0.1005137776 2.533635806	
 0.0401287165 4.113988795	
 0.3173168530 5.917630361	
 0.1529621705 1.322550083	
 0.1665624086 0.810228608	
 0.0255463721 3.473771724	
 0.0553466209 5.621440082	
 0.1059613494 5.435230601	
 0.1335333312 0.228122769	
 0.0098245636 2.628839940	
 0.1858035039 2.712455950	
 0.0670269552 3.872698798	
 0.5355097609 2.791612741	
 0.1573156593 3.258942441	
 0.0248820248 2.003077083	
 0.0232916023 2.608207963	
 0.1030716728 1.584016026	
 0.1701658585 5.647512206	
 0.0520913139 1.894482953	
 0.1839315396 5.721553029	
 0.0999074574 1.982062518	
 0.1212936133 2.091159485	
 0.1185381278 5.746611723	
 0.0486276755 5.036032264	
 0.0423686251 3.475932291	
 0.0044222461 5.679929132	
 0.0424635269 1.397654222	
 0.1343890580 5.148011017	
 0.2202188851 5.793805428	
 0.0892052196 3.864932221	
 0.0013630293 4.976819920	
 0.0388367822 3.748964164	
 0.0975435605 0.230902025	
 0.1275972410 2.850688856	
 0.1440425230 1.910631017	
 0.1361538391 1.695194380	
 0.5598495428 5.492020885	
 0.6988861715 6.135877954	
 0.0697423756 5.743468167	
 0.3275153320 0.260737705	
 0.3182441033 4.842691312	
 0.1251447969 5.058017444	
 0.2678039405 3.758333989	
 0.1994965109 5.652579977	
 0.6778432616 2.613895769	
 0.7372507459 1.293801673	
 0.0060720382 0.468027370	
 0.0316191163 2.805339465	
 0.0152259723 2.807433020	
 0.0035676753 0.770684976	
 0.9575184627 0.487066201	
 1.9068704093 6.104424624	
 0.3422120777 1.519968855	
 0.2756444731 0.199641394	
 0.0095967884 4.558076393	
 0.1380742322 4.481850476	
 0.5364223744 2.123190527	
 0.0129926548 1.071282888	
 0.4816595480 5.960580501	
 0.0558509997 3.495548128	
 0.2896393507 2.565603630	
 0.2499064743 3.031944804	
 0.0057129987 4.152627358	
 0.0647537531 0.745697878	
 0.0577303346 2.920027127	
 0.0106545741 2.327503893	
 0.6226942317 5.069777066	
 0.1314822567 4.342486304	
 0.4496888356 3.668762278	
 0.6295101789 2.117116060	
 0.0045356932 3.686481832	
 0.0710786219 2.798192797	
 0.0084296895 3.315538757	
 0.0700844723 0.415557590	
 0.0146376927 5.855081835	
 0.9009364144 2.061012351	
 0.2234124751 2.722136090	
 0.1765670345 4.495788740	
 0.0126093675 2.901106121	
 0.1930067394 3.258682823	
 0.4026585723 0.951091313	
 0.1137478016 5.538259109	
 0.4073566192 0.172201248	
 0.2169141407 3.717697146	
 NA NA	
 NA NA	
 0.0088221689 NA	
 0.1718492389 3.312862188	
 0.0133267825 2.852195102	
 0.0421189839 6.179829529	
 0.3075491972 4.371757050	
 0.8230877230 2.479774036	
 0.1837882445 0.256255758	
 0.0103667957 4.030218387	
 0.0030303063 5.499959642	
 0.0955760458 1.034568937	
 0.0540903128 3.518073872	
 0.0092045273 4.463480151	
 0.1315844865 2.915439061	
 0.6587789502 6.075368156	
 0.3751570594 3.487286186	
 0.1737766010 1.400887955	
 0.1789129120 6.056630886	
 0.1998398702 3.064522085	
 0.7839721608 4.310439677	
 0.4094201168 0.137659683	
 1.0999461162 0.343538587	
 1.1922995975 1.164910768	
 0.0055801778 4.588284244	
 0.6350223329 6.100437099	
 NA NA	
 NA NA	
 0.4873134868 NA	
 0.4850925131 5.034815541	
 0.0357889687 0.407111671	
 0.7518841030 4.704898476	
 0.0395626405 5.233605095	
 0.0125805021 4.198474613	
 0.0942981814 3.248822011	
 0.5076745483 5.813966359	
 0.2486812514 0.895425254	
 0.4098142216 5.377488876	
 0.0450469503 3.663456286	
 0.0219339131 2.818510398	
 0.0200149778 4.833760735	
 0.0512017458 1.928041297	
 NA NA	
 NA NA	
 0.0238872319 NA	
 0.0109065976 2.805456972	
 0.0524720242 2.752540037	
 0.1430385956 5.553376749	
 0.0454609607 2.905225604	
 0.2042926187 5.824471492	
 0.0016982203 5.226669612	
 0.0986111038 1.493481337	
 0.0246868435 5.368328520	
 0.0212450186 3.001995477	
 0.0681920292 2.175911354	
 0.2907864094 2.003544065	
 0.1494817145 5.920422966	
 0.0266532937 2.005685090	
 0.0038290196 3.984729823	
 0.0379370683 4.536995865	
 0.0056827427 3.279874685	
 0.0044154760 2.436175601	
 0.0139564476 3.396268084	
 0.0123398673 2.496200133	
 0.0588942507 4.287016031	
 0.1274233164 1.928596000	
 0.0118172412 2.767246497	
 NA NA	
 NA NA	
 0.0047536185 NA	
 0.1119476522 3.855906967	
 0.0128179423 2.850077790	
 0.1656624363 2.267337213	
 0.0793599597 1.307564579	
 0.0319668680 0.629310680	
 0.0190467914 5.477216580	
 0.0825498489 3.543733565	
 0.0159006364 5.082293059	
 0.1627059648 3.518687521	
 0.0529371431 4.144087066	
 0.0648309322 3.499300085	
 0.0477227550 3.309586021	
 0.0140790288 3.898110149	
 0.0120790611 4.295679935	
 0.1191366941 2.214358742	
 0.0345160941 1.377767183	
 0.0805249256 2.582938638	
 0.1283641306 0.436527783	
 0.1465057224 2.796822985	
 0.0814889472 3.805941943	
 0.0072509765 0.747642543	
 0.0076905460 4.876641090	
 0.0845419289 3.787048175	
 0.0107048284 0.509544223	
 0.3301750116 1.650142830	
 0.5524185872 0.709913680	
 0.4365643772 1.135325546	
 0.1956169231 5.337035226	
 0.0100269847 0.366513033	
 0.0020492208 5.139749366	
 0.1678017565 3.916883003	
 0.0218147366 0.905693807	
 0.0298335650 4.968125816	
 0.4625892439 3.252882108	
 0.3404219387 5.770651510	
 2.1385209111 0.453750603	
 0.0320583887 5.830336276	
 0.0108863507 0.234649249	
 0.0090867842 3.636746509	
 0.0451940615 5.145329909	
 0.0731620727 4.968142594	
 NA NA	
 NA NA	
 0.1635518779 NA	
 0.0044303821 3.081124497	
 0.0102156460 3.915552740	
 0.0113866419 4.460312661	
 NA NA	
 NA NA	
 0.0098631047 NA	
 0.0735520353 2.067378551	
 0.8435533724 1.187199293	
 0.0182800810 2.384823226	
 0.0130465617 3.461501214	
 0.8454353047 0.270876931	
 0.1503848549 0.669114485	
 0.0354688065 5.795339890	
 NA NA	
 NA NA	
 0.1300203819 NA	
 0.0092809624 2.862928741	
 0.0056377104 5.801548773	
 0.0298531688 3.773077116	
 0.0312521347 2.262743906	
 0.4066198122 1.093617193	
 0.4843514392 6.165192377	
 0.3155261137 6.171782913	
 0.1098856951 2.079263768	
 0.0110947907 3.364358545	
 0.1078985099 5.069519782	
 0.0409009165 2.510839728	
 0.0076146300 2.337054757	
 0.0359380969 1.095811230	
 0.0121645199 0.569148418	
 0.0202715480 4.844445767	
 0.1580033547 0.965638410	
 0.0076486646 5.057117592	
 0.0551982162 5.193847505	
 0.0303864325 2.037326567	
 0.0070305645 5.406962499	
 0.7656522022 3.301423384	
 0.4174655040 1.445911569	
 0.3313512392 0.282553047	
 0.1899093619 3.800180749	
 0.0267540105 3.598360142	
 0.3364252399 4.309733572	
 0.1415844686 0.077693811	
 0.0047096681 0.072495527	
 0.0079366666 3.818909116	
 0.0648727328 5.427465244	
 0.0335817457 0.746795323	
 0.0028431167 5.552820707	
 0.0090683849 4.254122870	
 0.0077753795 3.375206213	
 0.0566071730 5.458164213	
 0.1097536066 0.612252498	
 0.0764635776 5.460560948	
 0.0434213383 5.475325516	
 0.2388450746 2.933241861	
 0.1637389708 0.464704330	
 0.0067700847 2.273118639	
 0.0058290550 2.548507106	
 0.0254990098 4.278277630	
 0.0174110410 0.881300298	
 1.1374117182 2.829401582	
 0.0628626697 3.637956780	
 0.1661730028 3.124254069	
 NA NA	
 NA NA	
 0.0348943214 NA	
 0.0291360045 3.124515266	
 0.0063930315 2.267546894	
 0.2731939595 3.932763513	
 0.1143727837 5.193004913	
 0.1941325400 4.893622560	
 0.7385425596 0.300643267	
 0.0225152619 3.579549053	
 0.0044658985 2.220447470	
 0.0092416286 3.821789905	
 0.0739147173 2.007795514	
 0.0678815881 1.579089675	
 0.0777567507 1.823111151	
 0.0692646629 1.546454755	
 0.0029511447 4.417675751	
 0.0091107869 2.968661734	
 0.0029517294 0.173205802	
 0.0041688275 3.617935963	
 0.0452025816 4.381973518	
 0.1472807665 5.893234062	
 0.1331814200 3.414465488	
 0.0515444476 4.758702564	
 0.1169694923 2.710134444	
 NA NA	
 NA NA	
 0.0095176115 NA	
 0.0743165822 1.355201884	
 0.2314091809 2.832554735	
 0.0181453061 4.482457329	
 0.7246210345 3.958808603	
 1.6558046333 5.559077750	
 0.0113972949 5.560495289	
 0.0029203988 0.523080636	
 0.0111771806 3.182876621	
 0.0391876888 6.148818136	
 0.0690849303 4.330464966	
 0.0591296503 1.259245485	
 0.0186342867 5.176947919	
 0.0654039803 1.888126981	
 0.0262437135 0.398992942	
 0.1834895474 4.461018337	
 0.2775773043 5.349078104	
 0.3719863462 0.151975178	
 0.0480305072 0.451988775	
 0.1562547851 0.580059236	
 0.1689393599 0.424117994	
 0.1852634792 5.794255945	
 NA NA	
 NA NA	
 0.0017758281 NA	
 0.3042225465 5.750182744	
 0.1202672565 1.001158463	
 0.0199774267 5.993197849	
 0.3913993863 1.216161848	
 0.4016592319 2.768301021	
 0.0198874890 4.765637324	
 0.0152089657 5.494902991	
 0.0099749622 1.105504927	
 0.0314977292 2.896698834	
 0.0210068922 5.025895162	
 0.0369036561 1.497056721	
 0.8263266155 5.768321784	
 0.0521533767 4.904707684	
 0.0153695184 6.095135012	
 0.9404924492 1.801449839	
 0.4776043552 6.203745943	
 0.0248613579 5.023394373	
 0.2862280357 0.769795689	
 1.3887104101 5.999816444	
 0.0213798947 2.268884191	
 0.0403075324 2.631026927	
 0.0035824465 4.546619611	
 0.0075959503 3.749297462	
 0.0143383850 3.915885761	
 0.0287487330 6.176685678	
 0.9385355177 2.191249363	
 0.7200725132 5.137638106	
 0.1420239278 5.158257851	
 0.1380751389 3.333040749	
 0.0102829874 2.136804168	
 0.0869737751 3.841980017	
 0.0089947052 3.590448494	
 0.0094363845 1.287603035	
 0.3784960792 1.030933585	
 0.4983262030 0.129807098	
 1.1624062710 6.086452679	
 0.0094538471 5.108702114	
 0.0115259438 2.599816310	
 0.0117641202 3.082989137	
 0.0820744021 3.661839855	
 0.0390527533 6.176889130	
 0.0453102951 0.584056077	
 0.0706582442 0.578946267	
 0.1193554058 3.477659791	
 0.0107139978 3.865315116	
 0.0122698303 5.724844246	
 0.0251632589 2.272526132	
 0.1432646277 1.720865488	
 0.0171521952 0.706837750	
 0.0972026577 0.930720244	
 0.0155064026 2.552467971	
 2.3227884123 0.752672912	
 1.7223336554 5.657802049	
 0.1228058873 0.127631522	
 0.1166708338 0.938822487	
 0.0910228315 5.887785580	
 0.5249438085 4.488054341	
 0.0318145094 0.238649140	
 0.9705513838 0.929196311	
 0.2251111425 3.760451965	
 0.0547620280 3.430401251	
 0.0127120325 6.199550341	
 0.0159773381 0.884330791	
 0.0160127868 0.782298500	
 0.0249536483 3.048199570	
 0.0511508482 0.852798154	
 0.1344785541 5.319985019	
 0.7934786891 1.113296786	
 0.7117492236 5.490868512	
 0.0051533214 3.529909023	
 0.0038931946 2.928410485	
 0.1894559944 6.079957880	
 0.0041449309 5.809062971	
 0.5698821706 0.514032750	
 0.0201383982 0.904947460	
 0.0216985148 2.492165330	
 0.6157384033 6.018355765	
 0.0022509740 1.983935663	
 0.0044177379 2.813674275	
 0.0006341804 0.323088176	
 0.0212344193 4.438634825	
 0.1177825742 3.231722708	
 0.0346330560 2.929787968	
 0.0358887344 5.939066800	
 0.0057902016 4.725436647	
 0.0057739810 3.809486512	
 0.3676909569 1.367218091	
 0.0365428699 0.125296869	
 0.3303338287 6.099023019	
 1.1314139655 0.493402898	
 0.0510190648 0.438040364	
 0.2581175646 5.397766766	
 0.8591923414 5.940360024	
 0.1224402932 1.065191033	
 0.0013116939 2.117408407	
 0.1660781765 2.696748902	
 0.0124010138 1.721774947	
 0.1850171288 2.221162777	
 0.0488622466 0.601634278	
 0.0749761599 5.634137605	
 0.0283134180 0.400498920	
 0.0038929582 2.773737477	
 0.0047245776 4.944716045	
 NA NA	
 NA NA	
 0.6055150191 NA	
 0.0076646889 3.431366821	
 0.1548451220 2.061742956	
 0.0219924102 4.374877164	
 0.0167440601 1.145331607	
 0.0129292311 5.362238985	
 0.0055664548 2.795451747	
 0.0199891731 1.280698850	
 0.5708323980 4.723105179	
 0.0948462466 3.947942744	
 0.2834358511 5.971426127	
 0.1455394567 0.366932334	
 0.0018766686 4.512109439	
 0.2071609703 0.482738118	
 0.0545588991 5.599001163	
 0.0375950081 2.023958556	
 0.0501394543 5.441042161	
 0.0719403285 5.444803742	
 0.0427018029 0.103312890	
 0.0193315934 2.937726429	
 0.0119726863 3.468508767	
 0.0311241344 3.839273684	
 0.0153300963 3.050960746	
 0.2549173142 2.990624710	
 0.3770063290 2.279663362	
 0.0604869426 6.126853458	
 0.0525389958 2.839718050	
 0.1093141520 1.115554147	
 0.0063325472 2.360249773	
 0.0878269029 5.473186098	
 0.7550714687 1.355204604	
 0.1995843481 3.311566876	
 0.0162346580 0.232893975	
 0.5335846119 5.738072180	
 0.1859947882 0.101846610	
 0.1391406592 4.624998786	
 0.0048691863 1.413467549	
 0.0107207545 5.828226675	
 0.0355513311 0.054939112	
 0.0930198058 0.524299463	
 0.1062941431 4.976707110	
 0.0061026315 1.337280816	
 0.1182558460 3.227754091	
 0.0264204688 5.282624259	
 0.0220795777 1.378226068	
 0.0209261284 0.493627727	
 0.0515492993 2.321456440	
 0.0791219816 3.887022162	
 0.1149097797 2.344909879	
 0.1462557940 0.127020270	
 0.3868880265 1.101369850	
 0.2107151023 1.000987247	
 0.0052075648 1.418286368	
 0.0060026349 3.875419376	
 0.1450043068 1.991474700	
 0.0686308726 6.131307819	
 0.0333657820 0.748207743	
 0.0646755795 6.234490860	
 0.2278827406 6.278973301	
 0.0159541087 1.750150914	
 0.0156874336 1.928181851	
 0.0024723624 3.790010997	
 0.0257128110 4.975107873	
 0.2577976039 6.126183414	
 0.4471547201 5.727808088	
 0.3519681221 6.248526645	
 0.1157048407 2.059204346	
 0.1060048660 3.571120025	
 0.0088262430 0.535260041	
 0.1948201800 5.250432716	
 0.0054515742 2.438840095	
 0.4770850695 1.565233712	
 0.4314652917 5.207114880	
 0.2190630687 6.211153221	
 0.0826249434 5.399102825	
 0.0239672904 4.803945665	
 0.0104255660 1.487469999	
 0.0031705724 2.388533433	
 0.0667617159 0.753345600	
 0.2226022732 6.281147343	
 0.2715871812 2.498021650	
 0.5083726803 4.764309305	
 0.6533068820 3.139277286	
 0.0710975888 0.026897094	
 0.0115912057 5.492824820	
 0.0086876393 0.999656822	
 0.1006929185 4.808543722	
 0.1859890613 3.327749578	
 0.1407127057 0.741440612	
 0.6338780892 0.771637327	
 0.0446188232 1.639542573	
 0.5378949030 0.606324555	
 0.0128701195 5.710729998	
 0.6310459163 6.261880751	
 0.0322760598 5.681696656	
 0.1978233602 0.847146317	
 2.7463815311 6.085309974	
 0.1802433343 5.385540689	
 0.2747637986 0.730949137	
 0.5501354179 0.464705747	
 0.0075903181 6.194297069	
 1.8372771672 6.118617078	
 1.7088230290 6.029724565	
 0.6704661357 3.055609404	
 0.5208104099 0.225631405	
 0.0654996579 6.199021641	
 0.9207374943 6.128414015	
 0.4584420772 5.183543905	
 0.0093708296 0.836979095	
 0.2232864789 0.042013908	
 0.0075072030 0.670766900	
 0.2092701173 2.899397533	
 0.1049804184 5.062113750	
 0.4663271516 4.150037055	
 1.6602564539 0.732672744	
 0.5011691590 5.570039120	
 0.0041152607 4.476122995	
 0.0932460782 1.657280238	
 0.0032479726 1.512869712	
 0.4635701471 1.244765914	
 0.5317348915 0.536232630	
 0.6480535445 0.331678086	
 2.9470326686 6.226139557	
 0.3766074741 4.838784548	
 0.0189843650 0.854937174	
 0.0314238092 1.545503702	
 0.0034127595 0.507306652	
 0.4172661150 0.551173977	
 0.5848584209 1.162024220	
 0.0804326637 5.685256795	
 0.2160697375 4.290355618	
 0.1939968785 3.488411032	
 0.0327463875 5.552778612	
 0.1824866273 5.659974784	
 0.0027848085 0.853686348	
 0.2291120834 5.590992181	
 0.9913967052 3.314528726	
 0.0946249007 0.623916104	
 NA NA	
